Accuracy:85.903943
Duration:3.653652
