Accuracy:92.302319
Duration:2.920672
